filenumber,PatientID,TestNumber,NucleocapsidSCIndex14po
1,1234,1,0.01
2,1234,2,0.02
3,1234,3,0.01
4,2345,1,0.02
5,2345,2,0.02
6,2345,3,0.03
7,2345,4,0.05
8,2345,5,0.02
9,3456,1,1.66
10,4567,1,0.03
11,4567,2,0.02
12,4567,3,0.03
13,5678,1,0.04
14,5678,2,2.03
15,5678,3,1.51
16,5678,4,0.04
17,9309,1,3.36
18,1931,1,0.02
19,1627,1,0.03
20,1394,1,0.03
21,2974,1,6.21
22,1508,1,0.03
23,4564,1,0.07
24,4800,1,0.02
25,5940,1,0.01
26,7687,1,0.03
27,3059,1,0.93
28,7495,1,0.02
29,5762,1,0.02
30,5855,1,2.83
31,6638,1,0.39
32,2029,1,0.57
33,6919,1,0.03
34,6081,1,0.03
35,2902,1,0.05
36,6204,1,0.03
37,5150,1,6.63
38,1010,1,0.02
39,1954,1,0.02
40,7812,1,7.51
41,7168,1,0.01
42,5391,1,0.3
43,4558,1,1.8
44,6068,1,0.02
45,9285,1,2.8
46,9924,1,0.14
47,7756,1,0.1
48,3602,1,0.07
49,3941,1,0.01
50,9003,1,0.04
51,8496,1,1.45
52,8294,1,0.38
53,7711,1,5.81
54,7989,1,0.05
55,3078,1,0.02
56,4639,1,0.02
57,7203,1,0.04
58,2421,1,0.05
59,7046,1,0.02
60,1350,1,0.02
61,8611,1,0.01
62,1645,1,5.77
63,8651,1,0.02
64,2521,1,0.32
65,2458,1,0.05
66,7803,1,0.23
67,8781,1,0.02
68,8688,1,0.32
69,9975,1,0.03
70,8914,1,0.01
71,8717,1,0.03
72,6644,1,0.03
73,9643,1,0.9
74,5509,1,0.02
75,4678,1,0.01
76,2347,1,0.01
77,5287,1,0.03
78,7423,1,0.02
79,3271,1,0.01
80,2470,1,0.03
81,7016,1,0.26
82,8210,1,0.04
83,4233,1,0.02
84,1957,1,0.25
85,7208,1,0.03
86,4818,1,0.02
87,3820,1,0.02
88,3960,1,0.02
89,7483,1,0.01
90,8896,1,0.36
91,2995,1,0.02
92,5816,1,0.03
93,3674,1,0.04
94,8359,1,0.03
95,8128,1,0.02
96,5415,1,0.01
97,5327,1,0.03
98,2175,1,1.88
99,2885,1,0.05
100,1896,1,0.1
101,2489,1,0.04
102,8392,1,0.01
103,2556,1,0.06
104,7112,1,0.03
105,8459,1,0.02
106,5638,1,0.02
107,9578,1,0.03
108,4396,1,0.01
109,8135,1,0.03
110,8604,1,0.09
111,6894,1,0.02
112,6266,1,0.02
113,9913,1,4.28
114,9379,1,0.02
115,5928,1,0.03
116,2990,1,0.02
117,8170,1,0.02
118,8726,1,0.06
119,2843,1,0.03
120,6766,1,1.36
121,5588,1,0.03
122,7666,1,0.01
123,7612,1,0.03
124,7620,1,0.04
125,8315,1,0.03
126,3396,1,0.04
127,6769,1,0.02
128,5269,1,0.02
129,7913,1,4.19
130,2791,1,0.02
131,5906,1,0.03
132,5221,1,0.04
133,6736,1,0.55
134,9612,1,0.77
135,8339,1,0.08
136,7812,1,0.01
137,6520,1,0.02
138,8292,1,1.61
139,3065,1,0.07
140,8642,1,0.03
141,3848,1,0.01
142,8273,1,0.01
143,3370,1,0.76
144,1515,1,0.01
145,4278,1,0.03
146,3243,1,0.46
147,6924,1,0.02
148,4994,1,1.25
149,7010,1,0.05
150,7066,1,0.09
151,1457,1,0.02
152,2963,1,0.02
153,5026,1,6.92
154,8690,1,0.02
155,5452,1,0.08
156,8568,1,0.02
157,3191,1,0.02
158,2223,1,0.02
159,7177,1,0.08
160,7649,1,0.01
161,8415,1,0.01
162,2362,1,0.01
163,5478,1,1.66
164,1600,1,0.03
165,3953,1,0.02
166,2658,1,0.06
167,3493,1,0.02
168,9571,1,3.12
169,3461,1,0.02
170,8034,1,0.02
171,4267,1,0.02
172,9745,1,0.02
173,2702,1,0.02
174,8901,1,0.54
175,8817,1,3.63
176,4359,1,0.07
177,8157,1,0.03
178,6665,1,0.02
179,7629,1,0.04
180,5230,1,0.02
181,1660,1,0.01
182,8159,1,0.03
183,2966,1,0.02
184,7906,1,0.03
185,5251,1,0.05
186,6599,1,0.05
187,5950,1,0.03
188,6028,1,0.01
189,8730,1,0.02
190,9855,1,3.05
191,7774,1,0.04
192,9161,1,0.01
193,6177,1,0.03
194,3271,1,0.09
195,9879,1,0.4
196,8229,1,0.02
197,6985,1,0.03
198,8586,1,0.02
199,5188,1,0.05
200,2117,1,0.02
201,1675,1,0.03
202,3618,1,0.03
203,4071,1,0.01
204,9899,1,0.01
205,9972,1,0.03
206,4426,1,0.01
207,2937,1,0.01
208,2195,1,0.01
209,6019,1,0.07
210,3187,1,6.6
211,1852,1,2.72
212,4612,1,0.03
213,4269,1,0.01
214,9731,1,0.01
215,6595,1,1.65
216,1902,1,0.02
217,2409,1,0.03
218,1030,1,0.01
219,6231,1,0.02
220,8040,1,0.1
221,6943,1,0.03
222,3163,1,0.02
223,7834,1,0.02
224,4599,1,0.03
225,1471,1,0.04
226,8548,1,0.01
227,2058,1,0.05
228,2146,1,0.01
229,3040,1,0.05
230,4577,1,0.03
231,2456,1,0.1
232,2523,1,0.81
233,4741,1,0.03
234,8035,1,0.16
235,8142,1,0.08
236,1092,1,0.03
237,6794,1,0.02
238,1671,1,0.05
239,7149,1,0.19
240,4860,1,0.03
241,4189,1,0.03
242,3112,1,0.06
243,5792,1,0.03
244,3830,1,0.03
245,3090,1,0.02
246,6271,1,0.01
247,3409,1,1.62
248,3448,1,0.03
249,1702,1,0.03
250,6890,1,0.02
251,8833,1,0.1
252,3099,1,0.07
253,3060,1,0.01
254,5511,1,0.01
255,8233,1,0.04
256,7966,1,0.06
257,7134,1,0.01
258,8244,1,0.05
259,3067,1,0.01
260,7936,1,0.02
261,8953,1,0.05
262,5258,1,0.04
263,1156,1,0.6
264,4463,1,0.02
265,8560,1,0.01
266,1605,1,0.03
267,8299,1,0.01
268,8714,1,0.3
269,6197,1,0.03
270,3928,1,0.02
271,9041,1,0.04
272,9351,1,0.01
273,6935,1,6.8
274,5213,1,0.02
275,2241,1,0.03
276,9566,1,0.02
277,7023,1,0.87
278,6810,1,0.34
279,4125,1,0.02
280,7491,1,0.01
281,8297,1,0.04
282,8903,1,0.01
283,3694,1,0.03
284,9797,1,0.42
285,2707,1,0.02
286,6255,1,0.02
287,5300,1,0.01
288,8846,1,0.35
289,7909,1,0.03
290,6089,1,0.03
291,2735,1,0.03
292,4176,1,5.3
293,9651,1,0.02
294,2453,1,0.03
295,7265,1,0.04
296,9932,1,0.06
297,9264,1,0.04
298,1388,1,0.02
299,4585,1,0.29
300,2223,1,1.22
301,3846,1,0.07
302,6169,1,0.11
303,1680,1,0.15
304,2397,1,0.02
305,7588,1,0.01
306,1810,1,0.13
307,6528,1,0.01
308,2957,1,0.14
309,4383,1,0.1
310,3205,1,0.14
311,2178,1,5.44
312,3186,1,0.05
313,2641,1,0.03
314,3444,1,0.08
315,3425,1,0.02
316,1350,1,0.07
317,9812,1,0.04
318,2560,1,0.04
319,4884,1,0.25
320,1524,1,0.04
321,3680,1,0.09
322,9808,1,0.06
323,8946,1,0.02
324,9218,1,0.05
325,3991,1,0.02
326,9360,1,0.16
327,9622,1,0.01
328,8338,1,0.03
329,7967,1,0.01
330,9723,1,0.01
331,4147,1,0.01
332,4501,1,0.02
333,3560,1,0.94
334,4778,1,0.01
335,7052,1,0.02
336,5003,1,4.28
337,9847,1,0.02
338,1634,1,0.23
339,7360,1,0.01
340,2483,1,0.03
341,6962,1,0.03
342,2222,1,0.06
343,2222,2,0.06
344,2222,3,3.53
345,1111,1,0.24
346,1111,2,6.41
347,1111,3,0.08
